"service_id","monday","tuesday","wednesday","thursday","friday","saturday","sunday","start_date","end_date"
1,0,0,0,0,0,0,0,20260917,20261212
2,1,1,1,1,1,0,0,20260917,20261212
3,0,1,0,1,1,0,0,20260917,20261212
4,1,0,1,0,1,0,0,20260917,20261212
5,0,0,0,0,1,0,0,20260917,20261212
6,0,0,0,0,0,0,0,20260917,20261212
7,0,0,0,0,0,1,0,20260917,20261212
8,0,0,0,0,0,0,0,20260917,20261212
9,0,0,0,0,0,0,0,20260917,20261212
10,0,0,0,0,0,0,0,20260917,20261212
11,1,1,1,1,1,1,1,20260917,20261212
12,1,1,1,1,1,0,0,20260917,20261212
13,0,0,0,0,0,1,1,20260917,20261212
14,0,0,0,0,0,1,0,20260917,20261212
15,0,0,0,0,0,0,1,20260917,20261212
16,1,1,1,1,1,1,0,20260917,20261212
17,0,0,0,0,0,0,0,20260917,20261212
18,0,0,0,0,0,0,0,20260917,20261212
19,0,0,0,0,0,0,0,20260917,20261212
20,0,0,0,0,0,0,0,20260917,20261212
21,0,0,0,0,0,0,0,20260917,20261212
22,0,0,0,0,0,0,0,20260917,20261212
23,0,0,0,0,0,0,0,20260917,20261212
24,1,1,1,1,1,0,0,20260917,20261212
25,0,0,0,0,1,1,0,20260917,20261212
26,0,0,0,0,1,1,0,20260917,20261212
27,0,0,0,0,1,1,0,20260917,20261212
28,1,1,1,1,1,0,0,20260917,20261212
29,0,1,0,1,0,0,0,20260917,20261212
30,1,0,1,0,1,0,0,20260917,20261212
31,0,0,0,0,0,1,0,20260917,20261212
32,1,1,1,1,1,1,1,20260917,20261212
33,0,0,0,0,0,0,0,20260917,20261212
34,0,0,0,0,0,0,0,20260917,20261212
35,0,0,0,0,0,1,0,20260917,20261212
36,0,0,0,0,0,0,1,20260917,20261212
37,1,1,1,1,1,0,0,20260917,20261212
38,0,0,0,0,0,0,0,20260917,20261212
39,0,0,0,0,0,0,1,20260917,20261212
40,0,0,0,0,0,1,1,20260917,20261212
41,1,1,1,1,1,1,0,20260917,20261212
42,1,1,1,1,1,0,1,20260917,20261212
43,0,0,0,0,0,0,1,20260917,20261212
44,0,0,0,0,0,0,0,20260917,20261212
45,0,0,0,0,0,0,0,20260917,20261212
46,0,0,0,0,0,0,0,20260917,20261212
47,0,0,0,0,0,0,0,20260917,20261212
48,0,0,0,0,0,0,0,20260917,20261212
49,0,0,0,0,0,0,0,20260917,20261212
50,0,0,0,0,0,0,0,20260917,20261212
51,0,0,0,0,0,0,0,20260917,20261212
52,0,0,0,0,0,0,0,20260917,20261212
53,0,0,0,0,0,0,0,20260917,20261212
54,0,0,0,0,0,0,0,20260917,20261212
55,0,0,0,0,0,0,0,20260917,20261212
56,0,0,0,0,0,0,0,20260917,20261212
57,0,0,0,0,0,0,0,20260917,20261212
58,0,0,0,0,0,0,0,20260917,20261212
59,0,0,0,0,0,0,0,20260917,20261212
60,0,0,0,0,0,0,0,20260917,20261212
61,0,0,0,0,0,0,0,20260917,20261212
62,0,0,0,0,0,0,0,20260917,20261212
63,0,0,0,0,0,0,0,20260917,20261212
64,0,0,0,0,0,0,0,20260917,20261212
65,0,0,0,0,0,0,0,20260917,20261212
66,0,0,0,0,0,0,0,20260917,20261212
67,1,1,1,1,1,1,1,20260917,20261212
68,1,1,1,1,1,1,1,20260917,20261212
69,0,0,0,0,0,0,0,20260917,20261212
70,0,0,0,0,0,0,0,20260917,20261212
71,0,0,0,0,0,0,0,20260917,20261212
72,0,0,0,0,0,0,0,20260917,20261212
73,0,0,0,0,0,0,0,20260917,20261212
74,0,0,0,0,0,0,0,20260917,20261212
75,0,0,0,0,0,0,0,20260917,20261212
76,0,0,0,0,0,0,0,20260917,20261212
77,0,0,0,0,0,0,0,20260917,20261212
78,0,0,0,0,0,0,0,20260917,20261212
79,1,1,1,1,1,1,0,20260917,20261212
80,0,0,0,0,0,1,0,20260917,20261212
81,0,0,0,0,0,0,0,20260917,20261212
82,0,0,0,0,0,0,0,20260917,20261212
83,0,0,0,0,0,0,0,20260917,20261212
84,1,1,1,0,0,0,0,20260917,20261212
85,0,0,0,0,0,0,0,20260917,20261212
86,0,0,0,0,0,1,0,20260917,20261212
87,1,1,1,0,0,1,0,20260917,20261212
88,0,0,0,0,0,0,0,20260917,20261212
89,0,0,0,0,0,1,1,20260917,20261212
90,0,0,0,0,0,0,0,20260917,20261212
91,0,0,0,0,0,0,1,20260917,20261212
92,0,0,0,0,0,1,1,20260917,20261212
93,0,0,0,0,0,1,0,20260917,20261212
94,0,0,0,0,0,0,1,20260917,20261212
95,1,1,1,1,1,0,0,20260917,20261212
96,0,0,0,0,0,0,0,20260917,20261212
97,1,1,1,1,1,1,1,20260917,20261212
98,1,1,1,0,0,1,1,20260917,20261212
99,1,1,1,0,0,0,1,20260917,20261212
100,0,0,0,0,0,0,0,20260917,20261212
101,0,0,0,0,0,0,0,20260917,20261212
102,0,0,0,0,0,0,0,20260917,20261212
103,1,1,1,1,1,1,0,20260917,20261212
104,1,1,1,1,1,1,1,20260917,20261212
105,0,0,0,0,0,0,0,20260917,20261212
106,1,1,1,1,1,1,0,20260917,20261212
107,1,1,1,1,1,1,1,20260917,20261212
108,0,0,0,0,0,0,0,20260917,20261212
109,1,1,1,1,1,1,1,20260917,20261212
110,0,0,0,0,0,0,1,20260917,20261212
111,1,1,1,1,1,1,1,20260917,20261212
112,0,0,0,0,0,0,0,20260917,20261212
113,0,0,0,0,0,1,1,20260917,20261212
114,1,1,1,1,1,0,0,20260917,20261212
115,0,0,0,0,0,1,1,20260917,20261212
116,0,0,0,0,0,0,0,20260917,20261212
117,0,0,0,0,0,0,0,20260917,20261212
118,0,0,0,0,0,0,0,20260917,20261212
119,1,1,1,1,1,1,1,20260917,20261212
120,0,0,0,0,0,0,0,20260917,20261212
121,1,1,1,1,1,1,0,20260917,20261212
122,0,0,0,0,0,0,0,20260917,20261212
123,0,0,0,0,0,0,1,20260917,20261212
124,0,0,0,0,0,0,0,20260917,20261212
125,0,0,0,0,0,0,1,20260917,20261212
126,1,1,1,1,1,1,1,20260917,20261212
127,1,1,1,1,1,1,1,20260917,20261212
128,1,1,1,1,1,1,1,20260917,20261212
129,1,1,1,1,1,1,1,20260917,20261212
130,1,1,1,1,1,1,1,20260917,20261212
131,1,1,1,1,1,1,1,20260917,20261212
132,1,1,1,1,1,1,1,20260917,20261212
133,0,0,0,0,0,1,1,20260917,20261212
134,0,0,0,0,0,0,0,20260917,20261212
135,0,0,0,0,0,0,1,20260917,20261212
136,1,1,1,1,1,0,0,20260917,20261212
137,1,1,1,1,1,0,1,20260917,20261212
138,0,0,0,0,0,0,0,20260917,20261212
139,1,1,1,1,1,1,1,20260917,20261212
140,0,0,0,0,0,0,1,20260917,20261212
141,0,0,0,0,0,1,1,20260917,20261212
142,0,0,0,0,0,1,1,20260917,20261212
143,0,0,0,0,0,1,0,20260917,20261212
144,0,0,0,0,0,1,1,20260917,20261212
145,0,0,0,0,0,1,1,20260917,20261212
146,0,0,0,0,0,1,0,20260917,20261212
147,0,0,0,0,0,1,1,20260917,20261212
148,1,1,1,1,1,1,0,20260917,20261212
149,1,1,1,1,1,0,0,20260917,20261212
150,0,0,0,0,0,1,1,20260917,20261212
151,1,1,1,1,1,0,0,20260917,20261212
152,0,0,0,0,0,1,0,20260917,20261212
153,1,1,1,1,1,1,0,20260917,20261212
154,1,1,1,1,1,0,1,20260917,20261212
155,1,1,1,1,1,0,1,20260917,20261212
156,1,1,1,1,1,1,1,20260917,20261212
157,1,1,1,1,1,0,1,20260917,20261212
158,0,0,0,0,0,0,1,20260917,20261212
159,0,0,0,0,1,1,0,20260917,20261212
160,0,0,0,0,0,0,0,20260917,20261212
161,0,0,0,0,0,0,0,20260917,20261212
162,1,1,1,1,1,0,0,20260917,20261212
163,0,0,0,0,0,0,0,20260917,20261212
164,1,1,1,1,1,0,0,20260917,20261212
165,1,1,1,1,1,0,0,20260917,20261212
166,1,1,1,1,1,1,1,20260917,20261212
167,1,1,1,1,1,1,1,20260917,20261212
168,1,1,1,1,1,0,0,20260917,20261212
169,0,0,0,0,0,0,0,20260917,20261212
170,1,1,1,1,1,0,0,20260917,20261212
171,0,0,0,0,0,0,0,20260917,20261212
172,0,0,0,0,0,0,0,20260917,20261212
173,0,0,0,0,0,0,0,20260917,20261212
174,0,0,0,0,0,0,0,20260917,20261212
175,0,0,0,0,0,0,0,20260917,20261212
176,0,0,0,0,0,0,0,20260917,20261212
177,1,1,1,1,1,1,1,20260917,20261212
178,1,1,1,1,1,1,1,20260917,20261212
179,0,0,0,0,0,0,0,20260917,20261212
180,1,1,1,1,1,1,1,20260917,20261212
181,0,0,0,0,0,0,0,20260917,20261212
182,1,1,1,1,1,0,0,20260917,20261212
183,1,1,1,1,1,0,0,20260917,20261212
184,0,0,0,0,1,0,0,20260917,20261212
185,0,0,0,0,0,0,0,20260917,20261212
186,1,1,1,1,1,1,0,20260917,20261212
187,0,0,0,0,0,1,0,20260917,20261212
188,1,1,1,1,1,1,0,20260917,20261212
189,0,0,0,0,0,1,0,20260917,20261212
190,0,0,0,0,0,0,0,20260917,20261212
191,1,1,1,1,1,1,0,20260917,20261212
192,1,1,1,1,1,0,0,20260917,20261212
193,0,0,0,0,0,0,0,20260917,20261212
194,0,0,0,0,0,1,1,20260917,20261212
195,1,1,1,1,1,1,0,20260917,20261212
196,1,1,1,1,1,1,0,20260917,20261212
197,1,1,1,1,1,1,1,20260917,20261212
198,1,1,1,1,1,1,1,20260917,20261212
199,1,1,1,1,1,1,1,20260917,20261212
200,1,1,1,1,1,1,1,20260917,20261212
201,0,0,0,0,0,0,0,20260917,20261212
202,1,1,1,1,1,1,1,20260917,20261212
203,1,1,1,1,1,1,0,20260917,20261212
204,0,0,0,0,0,1,1,20260917,20261212
205,0,0,0,0,0,1,0,20260917,20261212
206,1,1,1,1,1,1,0,20260917,20261212
207,1,1,1,1,1,1,1,20260917,20261212
208,1,0,0,0,0,0,0,20260917,20261212
209,0,1,1,1,1,1,1,20260917,20261212
210,0,0,0,0,0,0,0,20260917,20261212
211,0,1,1,1,1,1,1,20260917,20261212
212,1,1,1,1,1,0,0,20260917,20261212
213,0,0,0,0,0,0,0,20260917,20261212
214,1,1,1,0,0,1,1,20260917,20261212
215,0,0,0,0,0,0,0,20260917,20261212
216,0,0,0,0,0,1,1,20260917,20261212
217,0,0,0,0,0,1,1,20260917,20261212
218,0,0,0,0,0,0,0,20260917,20261212
219,0,0,0,0,0,0,1,20260917,20261212
220,0,0,0,0,0,0,0,20260917,20261212
221,0,0,0,0,0,0,1,20260917,20261212
222,0,0,0,0,0,0,1,20260917,20261212
223,0,0,0,0,0,0,0,20260917,20261212
224,1,1,1,0,1,1,1,20260917,20261212
225,0,0,0,0,0,0,0,20260917,20261212
226,0,0,0,0,0,0,0,20260917,20261212
227,0,0,0,0,0,1,1,20260917,20261212
228,1,1,1,0,1,0,0,20260917,20261212
229,0,0,0,0,0,0,1,20260917,20261212
230,0,0,0,0,0,0,1,20260917,20261212
231,0,0,0,0,0,0,0,20260917,20261212
232,1,1,1,1,1,1,1,20260917,20261212
233,0,0,0,0,0,0,0,20260917,20261212
234,1,1,1,1,1,1,1,20260917,20261212
235,0,0,0,0,0,1,1,20260917,20261212
236,0,0,0,0,0,0,1,20260917,20261212
237,0,0,0,0,0,0,1,20260917,20261212
238,0,0,0,0,0,0,0,20260917,20261212
239,1,1,1,1,1,1,0,20260917,20261212
240,1,1,1,1,1,1,0,20260917,20261212
241,1,1,1,1,1,0,0,20260917,20261212
242,1,1,1,1,1,1,1,20260917,20261212
243,1,1,1,1,1,1,0,20260917,20261212
244,0,0,0,0,0,1,1,20260917,20261212
245,0,0,0,0,0,0,1,20260917,20261212
246,0,0,0,0,0,0,0,20260917,20261212
247,1,1,1,1,1,0,0,20260917,20261212
248,1,0,0,0,0,0,0,20260917,20261212
249,0,0,0,0,1,0,0,20260917,20261212
250,1,0,0,0,1,0,0,20260917,20261212
251,0,0,1,1,1,0,0,20260917,20261212
252,0,1,1,1,0,0,0,20260917,20261212
253,1,1,1,1,0,0,0,20260917,20261212
254,0,0,1,0,0,0,0,20260917,20261212
255,1,1,0,1,1,0,0,20260917,20261212
256,0,0,0,1,1,0,0,20260917,20261212
257,0,1,0,1,1,0,0,20260917,20261212
258,0,0,0,1,0,0,0,20260917,20261212
259,1,1,1,0,0,0,0,20260917,20261212
260,0,1,1,1,1,1,0,20260917,20261212
261,1,1,1,0,0,0,0,20260917,20261212
262,1,1,1,1,1,1,0,20260917,20261212
263,0,0,0,0,0,0,0,20260917,20261212
264,1,1,1,0,1,0,0,20260917,20261212
265,0,1,0,0,0,0,0,20260917,20261212
266,1,0,1,0,0,0,0,20260917,20261212
267,0,1,0,0,1,0,0,20260917,20261212
268,1,1,1,1,1,0,0,20260917,20261212
269,0,0,0,0,0,0,1,20260917,20261212
270,1,1,1,1,1,1,1,20260917,20261212
271,1,1,1,0,0,0,0,20260917,20261212
272,0,0,0,0,0,0,1,20260917,20261212
273,1,1,1,0,0,0,1,20260917,20261212
274,0,0,1,0,1,0,0,20260917,20261212
275,0,0,0,0,0,0,0,20260917,20261212
276,1,1,1,1,1,0,0,20260917,20261212
277,0,0,0,0,0,0,0,20260917,20261212
278,0,0,0,0,0,0,0,20260917,20261212
279,0,0,0,0,1,0,0,20260917,20261212
280,1,1,1,1,0,0,0,20260917,20261212
281,0,0,0,0,0,0,0,20260917,20261212
282,1,0,1,0,1,0,0,20260917,20261212
283,1,0,1,1,1,0,0,20260917,20261212
284,1,1,1,1,0,1,0,20260917,20261212
285,0,0,0,0,1,0,0,20260917,20261212
286,1,1,1,1,0,0,0,20260917,20261212
287,0,0,0,0,0,0,0,20260917,20261212
288,0,0,0,0,0,0,0,20260917,20261212
289,0,0,0,0,0,0,0,20260917,20261212
290,0,0,0,0,0,0,0,20260917,20261212
291,1,1,1,1,1,0,0,20260917,20261212
292,1,1,1,1,1,1,0,20260917,20261212
293,0,0,0,0,0,1,0,20260917,20261212
294,0,0,0,0,0,1,1,20260917,20261212
295,1,1,1,1,1,1,1,20260917,20261212
296,0,0,0,0,0,0,1,20260917,20261212
297,0,0,0,0,0,0,0,20260917,20261212
298,0,0,0,0,0,1,1,20260917,20261212
299,0,0,0,0,0,1,0,20260917,20261212
